Error : ArRole : row no. : 2 : AR_ROLE_110 : Role already exists.  : 2020-06-24 11:06:59.736080
Error : ArRole : row no. : 3 : AR_ROLE_111 : Role already exists.  : 2020-06-24 11:06:59.736880
Error : ArRole : row no. : 4 : AR_ROLE_112 : Role already exists.  : 2020-06-24 11:06:59.737674
Error : ArRole : row no. : 5 : AR_ROLE_113 : Role already exists.  : 2020-06-24 11:06:59.738473
Error : ArRole : row no. : 6 : AR_ROLE_114 : Role already exists.  : 2020-06-24 11:06:59.739300
Error : ArRole : row no. : 7 : AR_ROLE_115 : Role already exists.  : 2020-06-24 11:06:59.740091
Error : ArRole : row no. : 8 : AR_ROLE_116 : Role already exists.  : 2020-06-24 11:06:59.740884
Error : ArRole : row no. : 9 : AR_ROLE_117 : Role already exists.  : 2020-06-24 11:06:59.741788
Error : ArRole : row no. : 10 : AR_ROLE_118 : Role already exists.  : 2020-06-24 11:06:59.742582
Error : ArRole : row no. : 11 : AR_ROLE_119 : Role already exists.  : 2020-06-24 11:06:59.743386
Error : ArRole : row no. : 12 : AR_ROLE_120 : Role already exists.  : 2020-06-24 11:06:59.744180
Error : ArRole : row no. : 13 : AR_ROLE_121 : Role already exists.  : 2020-06-24 11:06:59.744975
Error : ArRole : row no. : 14 : AR_ROLE_122 : Role already exists.  : 2020-06-24 11:06:59.745770
Error : ArRole : row no. : 15 : AR_ROLE_123 : Role already exists.  : 2020-06-24 11:06:59.746560
Error : ArRole : row no. : 16 : AR_ROLE_124 : Role already exists.  : 2020-06-24 11:06:59.747381
Error : ArRole : row no. : 17 : AR_ROLE_125 : Role already exists.  : 2020-06-24 11:06:59.748174
Error : ArRole : row no. : 18 : AR_ROLE_126 : Role already exists.  : 2020-06-24 11:06:59.748965
Error : ArRole : row no. : 19 : AR_ROLE_127 : Role already exists.  : 2020-06-24 11:06:59.749762
Error : ArRole : row no. : 20 : AR_ROLE_128 : Role already exists.  : 2020-06-24 11:06:59.750556
Error : ArRole : row no. : 21 : AR_ROLE_129 : Role already exists.  : 2020-06-24 11:06:59.751358
Error : ArRole : row no. : 22 : AR_ROLE_130 : Role already exists.  : 2020-06-24 11:06:59.752158
